3;naval_base_spawn;1423.50;10.00;175.50;0.00;1772
3;naval_base_spawn;1455.50;10.00;175.50;0.00;1773
3;naval_base_spawn;1487.50;10.00;175.50;0.00;1774
38;naval_base_spawn;1519.50;10.00;175.50;0.00;1775
38;naval_base_spawn;1551.50;10.00;175.50;0.00;1776
38;naval_base_spawn;1583.50;10.00;175.50;0.00;1777
39;naval_base_spawn;1615.50;10.00;175.50;0.00;1778
39;naval_base_spawn;1647.50;10.00;175.50;0.00;1779
40;naval_base_spawn;1743.50;10.00;367.50;0.00;1594
40;naval_base_spawn;1743.50;10.00;335.50;0.00;1612
40;naval_base_spawn;1743.50;10.00;303.50;0.00;1630
40;naval_base_spawn;1743.50;10.00;271.50;0.00;1648
40;naval_base_spawn;1743.50;10.00;239.50;0.00;1666
40;naval_base_spawn;1743.50;10.00;207.50;0.00;1684
40;naval_base_spawn;1711.50;10.00;175.50;0.00;1781
40;naval_base_spawn;1743.50;10.00;175.50;0.00;1702
41;naval_base_spawn;1679.50;10.00;175.50;0.00;1780
46;naval_base_spawn;1743.50;10.00;591.50;0.00;1468
46;naval_base_spawn;1743.50;10.00;559.50;0.00;1486
46;naval_base_spawn;1743.50;10.00;527.50;0.00;1504
46;naval_base_spawn;1743.50;10.00;495.50;0.00;1522
46;naval_base_spawn;1743.50;10.00;463.50;0.00;1540
46;naval_base_spawn;1743.50;10.00;431.50;0.00;1558
46;naval_base_spawn;1743.50;10.00;399.50;0.00;1576
5;naval_base_spawn;1039.50;10.00;175.50;0.00;1760
5;naval_base_spawn;1071.50;10.00;175.50;0.00;1761
5;naval_base_spawn;1103.50;10.00;175.50;0.00;1762
5;naval_base_spawn;1135.50;10.00;175.50;0.00;1763
51;naval_base_spawn;1167.50;10.00;175.50;0.00;1764
51;naval_base_spawn;1199.50;10.00;175.50;0.00;1765
51;naval_base_spawn;1231.50;10.00;175.50;0.00;1766
51;naval_base_spawn;1263.50;10.00;175.50;0.00;1767
52;naval_base_spawn;1295.50;10.00;175.50;0.00;1768
52;naval_base_spawn;1327.50;10.00;175.50;0.00;1769
52;naval_base_spawn;1359.50;10.00;175.50;0.00;1770
52;naval_base_spawn;1391.50;10.00;175.50;0.00;1771
6;naval_base_spawn;303.50;10.00;591.50;0.00;1485
6;naval_base_spawn;303.50;10.00;559.50;0.00;1503
6;naval_base_spawn;303.50;10.00;527.50;0.00;1521
9;naval_base_spawn;303.50;10.00;495.50;0.00;1539
9;naval_base_spawn;303.50;10.00;463.50;0.00;1557
9;naval_base_spawn;303.50;10.00;431.50;0.00;1575
9;naval_base_spawn;303.50;10.00;399.50;0.00;1593
10;naval_base_spawn;879.50;10.00;847.50;0.00;1296
10;naval_base_spawn;911.50;10.00;847.50;0.00;1297
10;naval_base_spawn;943.50;10.00;847.50;0.00;1298
69;naval_base_spawn;975.50;10.00;847.50;0.00;1299
69;naval_base_spawn;1007.50;10.00;847.50;0.00;1300
69;naval_base_spawn;1039.50;10.00;847.50;0.00;1301
70;naval_base_spawn;1071.50;10.00;847.50;0.00;1302
70;naval_base_spawn;1103.50;10.00;847.50;0.00;1303
70;naval_base_spawn;1135.50;10.00;847.50;0.00;1304
71;naval_base_spawn;1167.50;10.00;847.50;0.00;1305
71;naval_base_spawn;1199.50;10.00;847.50;0.00;1306
11;naval_base_spawn;303.50;10.00;367.50;0.00;1611
11;naval_base_spawn;303.50;10.00;335.50;0.00;1629
11;naval_base_spawn;303.50;10.00;303.50;0.00;1647
11;naval_base_spawn;303.50;10.00;271.50;0.00;1665
15;naval_base_spawn;303.50;10.00;847.50;0.00;1278
15;naval_base_spawn;335.50;10.00;847.50;0.00;1279
15;naval_base_spawn;367.50;10.00;847.50;0.00;1280
15;naval_base_spawn;399.50;10.00;847.50;0.00;1281
15;naval_base_spawn;303.50;10.00;815.50;0.00;1359
15;naval_base_spawn;303.50;10.00;783.50;0.00;1377
15;naval_base_spawn;303.50;10.00;751.50;0.00;1395
87;naval_base_spawn;431.50;10.00;847.50;0.00;1282
87;naval_base_spawn;463.50;10.00;847.50;0.00;1283
87;naval_base_spawn;495.50;10.00;847.50;0.00;1284
87;naval_base_spawn;527.50;10.00;847.50;0.00;1285
88;naval_base_spawn;559.50;10.00;847.50;0.00;1286
88;naval_base_spawn;591.50;10.00;847.50;0.00;1287
88;naval_base_spawn;623.50;10.00;847.50;0.00;1288
88;naval_base_spawn;655.50;10.00;847.50;0.00;1289
89;naval_base_spawn;687.50;10.00;847.50;0.00;1290
89;naval_base_spawn;719.50;10.00;847.50;0.00;1291
89;naval_base_spawn;751.50;10.00;847.50;0.00;1292
89;naval_base_spawn;783.50;10.00;847.50;0.00;1293
90;naval_base_spawn;815.50;10.00;847.50;0.00;1294
90;naval_base_spawn;847.50;10.00;847.50;0.00;1295
16;naval_base_spawn;1231.50;10.00;847.50;0.00;1307
16;naval_base_spawn;1263.50;10.00;847.50;0.00;1308
16;naval_base_spawn;1295.50;10.00;847.50;0.00;1309
16;naval_base_spawn;1327.50;10.00;847.50;0.00;1310
91;naval_base_spawn;1359.50;10.00;847.50;0.00;1311
91;naval_base_spawn;1391.50;10.00;847.50;0.00;1312
91;naval_base_spawn;1423.50;10.00;847.50;0.00;1313
91;naval_base_spawn;1455.50;10.00;847.50;0.00;1314
92;naval_base_spawn;1487.50;10.00;847.50;0.00;1315
92;naval_base_spawn;1519.50;10.00;847.50;0.00;1316
92;naval_base_spawn;1551.50;10.00;847.50;0.00;1317
92;naval_base_spawn;1583.50;10.00;847.50;0.00;1318
93;naval_base_spawn;1615.50;10.00;847.50;0.00;1319
93;naval_base_spawn;1647.50;10.00;847.50;0.00;1320
93;naval_base_spawn;1679.50;10.00;847.50;0.00;1321
93;naval_base_spawn;1711.50;10.00;847.50;0.00;1322
94;naval_base_spawn;1743.50;10.00;847.50;0.00;1323
94;naval_base_spawn;1743.50;10.00;815.50;0.00;1342
94;naval_base_spawn;1743.50;10.00;783.50;0.00;1360
94;naval_base_spawn;1743.50;10.00;751.50;0.00;1378
17;naval_base_spawn;303.50;10.00;719.50;0.00;1413
17;naval_base_spawn;303.50;10.00;687.50;0.00;1431
17;naval_base_spawn;303.50;10.00;655.50;0.00;1449
17;naval_base_spawn;303.50;10.00;623.50;0.00;1467
101;naval_base_spawn;1743.50;10.00;719.50;0.00;1396
101;naval_base_spawn;1743.50;10.00;687.50;0.00;1414
101;naval_base_spawn;1743.50;10.00;655.50;0.00;1432
101;naval_base_spawn;1743.50;10.00;623.50;0.00;1450
19;naval_base_spawn;303.50;10.00;239.50;0.00;1683
19;naval_base_spawn;303.50;10.00;207.50;0.00;1701
19;naval_base_spawn;303.50;10.00;175.50;0.00;1719
19;naval_base_spawn;335.50;10.00;175.50;0.00;1738
103;naval_base_spawn;399.50;10.00;175.50;0.00;1740
103;naval_base_spawn;431.50;10.00;175.50;0.00;1741
103;naval_base_spawn;463.50;10.00;175.50;0.00;1742
104;naval_base_spawn;495.50;10.00;175.50;0.00;1743
104;naval_base_spawn;527.50;10.00;175.50;0.00;1744
104;naval_base_spawn;559.50;10.00;175.50;0.00;1745
105;naval_base_spawn;591.50;10.00;175.50;0.00;1746
105;naval_base_spawn;623.50;10.00;175.50;0.00;1747
105;naval_base_spawn;655.50;10.00;175.50;0.00;1748
106;naval_base_spawn;367.50;10.00;175.50;0.00;1739
24;naval_base_spawn;687.50;10.00;175.50;0.00;1749
119;naval_base_spawn;751.50;10.00;175.50;0.00;1751
119;naval_base_spawn;783.50;10.00;175.50;0.00;1752
120;naval_base_spawn;815.50;10.00;175.50;0.00;1753
120;naval_base_spawn;847.50;10.00;175.50;0.00;1754
121;naval_base_spawn;879.50;10.00;175.50;0.00;1755
121;naval_base_spawn;911.50;10.00;175.50;0.00;1756
122;naval_base_spawn;943.50;10.00;175.50;0.00;1757
122;naval_base_spawn;975.50;10.00;175.50;0.00;1758
123;naval_base_spawn;1007.50;10.00;175.50;0.00;1759
127;naval_base_spawn;719.50;10.00;175.50;0.00;1750
1;air_base;892.46;12.00;637.33;0.00;0
1;rocket_site_spawn;894.46;10.00;639.33;0.00;0
1;nuclear_reactor_spawn;890.46;10.00;641.33;0.00;0
2;air_base;699.92;12.00;566.40;0.00;0
2;rocket_site_spawn;701.92;10.00;568.40;0.00;0
2;nuclear_reactor_spawn;697.92;10.00;570.40;0.00;0
3;air_base;1455.12;12.00;208.00;0.00;0
3;rocket_site_spawn;1457.12;10.00;210.00;0.00;0
3;nuclear_reactor_spawn;1453.12;10.00;212.00;0.00;0
4;air_base;1439.12;12.00;448.00;0.00;0
4;rocket_site_spawn;1441.12;10.00;450.00;0.00;0
4;nuclear_reactor_spawn;1437.12;10.00;452.00;0.00;0
5;air_base;1087.12;12.00;208.00;0.00;0
5;rocket_site_spawn;1089.12;10.00;210.00;0.00;0
5;nuclear_reactor_spawn;1085.12;10.00;212.00;0.00;0
6;air_base;331.12;12.00;564.00;0.00;0
6;rocket_site_spawn;333.12;10.00;566.00;0.00;0
6;nuclear_reactor_spawn;329.12;10.00;568.00;0.00;0
7;air_base;524.22;12.00;452.36;0.00;0
7;rocket_site_spawn;526.22;10.00;454.36;0.00;0
7;nuclear_reactor_spawn;522.22;10.00;456.36;0.00;0
8;air_base;700.84;12.00;678.86;0.00;0
8;rocket_site_spawn;702.84;10.00;680.86;0.00;0
8;nuclear_reactor_spawn;698.84;10.00;682.86;0.00;0
9;air_base;316.84;12.00;454.86;0.00;0
9;rocket_site_spawn;318.84;10.00;456.86;0.00;0
9;nuclear_reactor_spawn;314.84;10.00;458.86;0.00;0
10;air_base;908.22;12.00;804.36;0.00;0
10;rocket_site_spawn;910.22;10.00;806.36;0.00;0
10;nuclear_reactor_spawn;906.22;10.00;808.36;0.00;0
11;air_base;351.12;12.00;320.00;0.00;0
11;rocket_site_spawn;353.12;10.00;322.00;0.00;0
11;nuclear_reactor_spawn;349.12;10.00;324.00;0.00;0
12;air_base;1259.12;12.00;564.00;0.00;0
12;rocket_site_spawn;1261.12;10.00;566.00;0.00;0
12;nuclear_reactor_spawn;1257.12;10.00;568.00;0.00;0
13;air_base;1051.92;12.00;566.40;0.00;0
13;rocket_site_spawn;1053.92;10.00;568.40;0.00;0
13;nuclear_reactor_spawn;1049.92;10.00;570.40;0.00;0
14;air_base;1260.22;12.00;324.36;0.00;0
14;rocket_site_spawn;1262.22;10.00;326.36;0.00;0
14;nuclear_reactor_spawn;1258.22;10.00;328.36;0.00;0
15;air_base;351.12;12.00;800.00;0.00;0
15;rocket_site_spawn;353.12;10.00;802.00;0.00;0
15;nuclear_reactor_spawn;349.12;10.00;804.00;0.00;0
16;air_base;1279.12;12.00;800.00;0.00;0
16;rocket_site_spawn;1281.12;10.00;802.00;0.00;0
16;nuclear_reactor_spawn;1277.12;10.00;804.00;0.00;0
17;air_base;332.22;12.00;676.36;0.00;0
17;rocket_site_spawn;334.22;10.00;678.36;0.00;0
17;nuclear_reactor_spawn;330.22;10.00;680.36;0.00;0
18;air_base;1452.22;12.00;676.36;0.00;0
18;rocket_site_spawn;1454.22;10.00;678.36;0.00;0
18;nuclear_reactor_spawn;1450.22;10.00;680.36;0.00;0
19;air_base;331.12;12.00;212.00;0.00;0
19;rocket_site_spawn;333.12;10.00;214.00;0.00;0
19;nuclear_reactor_spawn;329.12;10.00;216.00;0.00;0
20;air_base;895.12;12.00;448.00;0.00;0
20;rocket_site_spawn;897.12;10.00;450.00;0.00;0
20;nuclear_reactor_spawn;893.12;10.00;452.00;0.00;0
21;air_base;1244.84;12.00;678.86;0.00;0
21;rocket_site_spawn;1246.84;10.00;680.86;0.00;0
21;nuclear_reactor_spawn;1242.84;10.00;682.86;0.00;0
22;air_base;1055.12;12.00;448.00;0.00;0
22;rocket_site_spawn;1057.12;10.00;450.00;0.00;0
22;nuclear_reactor_spawn;1053.12;10.00;452.00;0.00;0
23;air_base;1244.84;12.00;454.86;0.00;0
23;rocket_site_spawn;1246.84;10.00;456.86;0.00;0
23;nuclear_reactor_spawn;1242.84;10.00;458.86;0.00;0
24;air_base;701.89;12.00;279.38;0.00;0
24;rocket_site_spawn;703.89;10.00;281.38;0.00;0
24;nuclear_reactor_spawn;699.89;10.00;283.38;0.00;0
25;air_base;956.46;12.00;637.33;0.00;0
25;rocket_site_spawn;958.46;10.00;639.33;0.00;0
25;nuclear_reactor_spawn;954.46;10.00;641.33;0.00;0
26;air_base;1018.76;12.00;641.45;0.00;0
26;rocket_site_spawn;1020.76;10.00;643.45;0.00;0
26;nuclear_reactor_spawn;1016.76;10.00;645.45;0.00;0
27;air_base;1087.12;12.00;672.00;0.00;0
27;rocket_site_spawn;1089.12;10.00;674.00;0.00;0
27;nuclear_reactor_spawn;1085.12;10.00;676.00;0.00;0
28;air_base;1151.12;12.00;672.00;0.00;0
28;rocket_site_spawn;1153.12;10.00;674.00;0.00;0
28;nuclear_reactor_spawn;1149.12;10.00;676.00;0.00;0
29;air_base;1199.12;12.00;672.00;0.00;0
29;rocket_site_spawn;1201.12;10.00;674.00;0.00;0
29;nuclear_reactor_spawn;1197.12;10.00;676.00;0.00;0
30;air_base;911.12;12.00;528.00;0.00;0
30;rocket_site_spawn;913.12;10.00;530.00;0.00;0
30;nuclear_reactor_spawn;909.12;10.00;532.00;0.00;0
31;air_base;975.12;12.00;528.00;0.00;0
31;rocket_site_spawn;977.12;10.00;530.00;0.00;0
31;nuclear_reactor_spawn;973.12;10.00;532.00;0.00;0
32;air_base;911.12;12.00;560.00;0.00;0
32;rocket_site_spawn;913.12;10.00;562.00;0.00;0
32;nuclear_reactor_spawn;909.12;10.00;564.00;0.00;0
33;air_base;975.12;12.00;560.00;0.00;0
33;rocket_site_spawn;977.12;10.00;562.00;0.00;0
33;nuclear_reactor_spawn;973.12;10.00;564.00;0.00;0
34;air_base;763.92;12.00;566.40;0.00;0
34;rocket_site_spawn;765.92;10.00;568.40;0.00;0
34;nuclear_reactor_spawn;761.92;10.00;570.40;0.00;0
35;air_base;831.12;12.00;560.00;0.00;0
35;rocket_site_spawn;833.12;10.00;562.00;0.00;0
35;nuclear_reactor_spawn;829.12;10.00;564.00;0.00;0
36;air_base;719.12;12.00;528.00;0.00;0
36;rocket_site_spawn;721.12;10.00;530.00;0.00;0
36;nuclear_reactor_spawn;717.12;10.00;532.00;0.00;0
37;air_base;783.12;12.00;528.00;0.00;0
37;rocket_site_spawn;785.12;10.00;530.00;0.00;0
37;nuclear_reactor_spawn;781.12;10.00;532.00;0.00;0
38;air_base;1551.12;12.00;208.00;0.00;0
38;rocket_site_spawn;1553.12;10.00;210.00;0.00;0
38;nuclear_reactor_spawn;1549.12;10.00;212.00;0.00;0
39;air_base;1645.53;12.00;276.80;0.00;0
39;rocket_site_spawn;1647.53;10.00;278.80;0.00;0
39;nuclear_reactor_spawn;1643.53;10.00;280.80;0.00;0
40;air_base;1727.12;12.00;272.00;0.00;0
40;rocket_site_spawn;1729.12;10.00;274.00;0.00;0
40;nuclear_reactor_spawn;1725.12;10.00;276.00;0.00;0
41;air_base;1679.12;12.00;176.00;0.00;0
41;rocket_site_spawn;1681.12;10.00;178.00;0.00;0
41;nuclear_reactor_spawn;1677.12;10.00;180.00;0.00;0
42;air_base;1503.12;12.00;448.00;0.00;0
42;rocket_site_spawn;1505.12;10.00;450.00;0.00;0
42;nuclear_reactor_spawn;1501.12;10.00;452.00;0.00;0
43;air_base;1567.12;12.00;448.00;0.00;0
43;rocket_site_spawn;1569.12;10.00;450.00;0.00;0
43;nuclear_reactor_spawn;1565.12;10.00;452.00;0.00;0
44;air_base;1628.46;12.00;509.33;0.00;0
44;rocket_site_spawn;1630.46;10.00;511.33;0.00;0
44;nuclear_reactor_spawn;1626.46;10.00;513.33;0.00;0
45;air_base;1692.46;12.00;509.33;0.00;0
45;rocket_site_spawn;1694.46;10.00;511.33;0.00;0
45;nuclear_reactor_spawn;1690.46;10.00;513.33;0.00;0
46;air_base;1743.12;12.00;496.00;0.00;0
46;rocket_site_spawn;1745.12;10.00;498.00;0.00;0
46;nuclear_reactor_spawn;1741.12;10.00;500.00;0.00;0
47;air_base;1647.12;12.00;400.00;0.00;0
47;rocket_site_spawn;1649.12;10.00;402.00;0.00;0
47;nuclear_reactor_spawn;1645.12;10.00;404.00;0.00;0
48;air_base;1711.12;12.00;400.00;0.00;0
48;rocket_site_spawn;1713.12;10.00;402.00;0.00;0
48;nuclear_reactor_spawn;1709.12;10.00;404.00;0.00;0
49;air_base;1647.12;12.00;432.00;0.00;0
49;rocket_site_spawn;1649.12;10.00;434.00;0.00;0
49;nuclear_reactor_spawn;1645.12;10.00;436.00;0.00;0
50;air_base;1711.12;12.00;432.00;0.00;0
50;rocket_site_spawn;1713.12;10.00;434.00;0.00;0
50;nuclear_reactor_spawn;1709.12;10.00;436.00;0.00;0
51;air_base;1215.12;12.00;208.00;0.00;0
51;rocket_site_spawn;1217.12;10.00;210.00;0.00;0
51;nuclear_reactor_spawn;1213.12;10.00;212.00;0.00;0
52;air_base;1343.12;12.00;208.00;0.00;0
52;rocket_site_spawn;1345.12;10.00;210.00;0.00;0
52;nuclear_reactor_spawn;1341.12;10.00;212.00;0.00;0
53;air_base;431.12;12.00;560.00;0.00;0
53;rocket_site_spawn;433.12;10.00;562.00;0.00;0
53;nuclear_reactor_spawn;429.12;10.00;564.00;0.00;0
54;air_base;527.12;12.00;560.00;0.00;0
54;rocket_site_spawn;529.12;10.00;562.00;0.00;0
54;nuclear_reactor_spawn;525.12;10.00;564.00;0.00;0
55;air_base;623.12;12.00;560.00;0.00;0
55;rocket_site_spawn;625.12;10.00;562.00;0.00;0
55;nuclear_reactor_spawn;621.12;10.00;564.00;0.00;0
56;air_base;367.12;12.00;528.00;0.00;0
56;rocket_site_spawn;369.12;10.00;530.00;0.00;0
56;nuclear_reactor_spawn;365.12;10.00;532.00;0.00;0
57;air_base;623.12;12.00;448.00;0.00;0
57;rocket_site_spawn;625.12;10.00;450.00;0.00;0
57;nuclear_reactor_spawn;621.12;10.00;452.00;0.00;0
58;air_base;719.12;12.00;448.00;0.00;0
58;rocket_site_spawn;721.12;10.00;450.00;0.00;0
58;nuclear_reactor_spawn;717.12;10.00;452.00;0.00;0
59;air_base;815.12;12.00;448.00;0.00;0
59;rocket_site_spawn;817.12;10.00;450.00;0.00;0
59;nuclear_reactor_spawn;813.12;10.00;452.00;0.00;0
60;air_base;559.12;12.00;400.00;0.00;0
60;rocket_site_spawn;561.12;10.00;402.00;0.00;0
60;nuclear_reactor_spawn;557.12;10.00;404.00;0.00;0
61;air_base;764.84;12.00;678.86;0.00;0
61;rocket_site_spawn;766.84;10.00;680.86;0.00;0
61;nuclear_reactor_spawn;762.84;10.00;682.86;0.00;0
62;air_base;831.12;12.00;672.00;0.00;0
62;rocket_site_spawn;833.12;10.00;674.00;0.00;0
62;nuclear_reactor_spawn;829.12;10.00;676.00;0.00;0
63;air_base;719.12;12.00;624.00;0.00;0
63;rocket_site_spawn;721.12;10.00;626.00;0.00;0
63;nuclear_reactor_spawn;717.12;10.00;628.00;0.00;0
64;air_base;783.12;12.00;624.00;0.00;0
64;rocket_site_spawn;785.12;10.00;626.00;0.00;0
64;nuclear_reactor_spawn;781.12;10.00;628.00;0.00;0
65;air_base;380.84;12.00;454.86;0.00;0
65;rocket_site_spawn;382.84;10.00;456.86;0.00;0
65;nuclear_reactor_spawn;378.84;10.00;458.86;0.00;0
66;air_base;447.12;12.00;448.00;0.00;0
66;rocket_site_spawn;449.12;10.00;450.00;0.00;0
66;nuclear_reactor_spawn;445.12;10.00;452.00;0.00;0
67;air_base;335.12;12.00;400.00;0.00;0
67;rocket_site_spawn;337.12;10.00;402.00;0.00;0
67;nuclear_reactor_spawn;333.12;10.00;404.00;0.00;0
68;air_base;399.12;12.00;400.00;0.00;0
68;rocket_site_spawn;401.12;10.00;402.00;0.00;0
68;nuclear_reactor_spawn;397.12;10.00;404.00;0.00;0
69;air_base;1007.12;12.00;800.00;0.00;0
69;rocket_site_spawn;1009.12;10.00;802.00;0.00;0
69;nuclear_reactor_spawn;1005.12;10.00;804.00;0.00;0
70;air_base;1103.12;12.00;800.00;0.00;0
70;rocket_site_spawn;1105.12;10.00;802.00;0.00;0
70;nuclear_reactor_spawn;1101.12;10.00;804.00;0.00;0
71;air_base;1183.12;12.00;800.00;0.00;0
71;rocket_site_spawn;1185.12;10.00;802.00;0.00;0
71;nuclear_reactor_spawn;1181.12;10.00;804.00;0.00;0
72;air_base;943.12;12.00;752.00;0.00;0
72;rocket_site_spawn;945.12;10.00;754.00;0.00;0
72;nuclear_reactor_spawn;941.12;10.00;756.00;0.00;0
73;air_base;479.12;12.00;320.00;0.00;0
73;rocket_site_spawn;481.12;10.00;322.00;0.00;0
73;nuclear_reactor_spawn;477.12;10.00;324.00;0.00;0
74;air_base;607.12;12.00;320.00;0.00;0
74;rocket_site_spawn;609.12;10.00;322.00;0.00;0
74;nuclear_reactor_spawn;605.12;10.00;324.00;0.00;0
75;air_base;1359.12;12.00;560.00;0.00;0
75;rocket_site_spawn;1361.12;10.00;562.00;0.00;0
75;nuclear_reactor_spawn;1357.12;10.00;564.00;0.00;0
76;air_base;1455.12;12.00;560.00;0.00;0
76;rocket_site_spawn;1457.12;10.00;562.00;0.00;0
76;nuclear_reactor_spawn;1453.12;10.00;564.00;0.00;0
77;air_base;1551.12;12.00;560.00;0.00;0
77;rocket_site_spawn;1553.12;10.00;562.00;0.00;0
77;nuclear_reactor_spawn;1549.12;10.00;564.00;0.00;0
78;air_base;1295.12;12.00;528.00;0.00;0
78;rocket_site_spawn;1297.12;10.00;530.00;0.00;0
78;nuclear_reactor_spawn;1293.12;10.00;532.00;0.00;0
79;air_base;1115.92;12.00;566.40;0.00;0
79;rocket_site_spawn;1117.92;10.00;568.40;0.00;0
79;nuclear_reactor_spawn;1113.92;10.00;570.40;0.00;0
80;air_base;1183.12;12.00;560.00;0.00;0
80;rocket_site_spawn;1185.12;10.00;562.00;0.00;0
80;nuclear_reactor_spawn;1181.12;10.00;564.00;0.00;0
81;air_base;1071.12;12.00;528.00;0.00;0
81;rocket_site_spawn;1073.12;10.00;530.00;0.00;0
81;nuclear_reactor_spawn;1069.12;10.00;532.00;0.00;0
82;air_base;1135.12;12.00;528.00;0.00;0
82;rocket_site_spawn;1137.12;10.00;530.00;0.00;0
82;nuclear_reactor_spawn;1133.12;10.00;532.00;0.00;0
83;air_base;1359.12;12.00;320.00;0.00;0
83;rocket_site_spawn;1361.12;10.00;322.00;0.00;0
83;nuclear_reactor_spawn;1357.12;10.00;324.00;0.00;0
84;air_base;1455.12;12.00;320.00;0.00;0
84;rocket_site_spawn;1457.12;10.00;322.00;0.00;0
84;nuclear_reactor_spawn;1453.12;10.00;324.00;0.00;0
85;air_base;1551.12;12.00;320.00;0.00;0
85;rocket_site_spawn;1553.12;10.00;322.00;0.00;0
85;nuclear_reactor_spawn;1549.12;10.00;324.00;0.00;0
86;air_base;1295.12;12.00;272.00;0.00;0
86;rocket_site_spawn;1297.12;10.00;274.00;0.00;0
86;nuclear_reactor_spawn;1293.12;10.00;276.00;0.00;0
87;air_base;479.12;12.00;800.00;0.00;0
87;rocket_site_spawn;481.12;10.00;802.00;0.00;0
87;nuclear_reactor_spawn;477.12;10.00;804.00;0.00;0
88;air_base;607.12;12.00;800.00;0.00;0
88;rocket_site_spawn;609.12;10.00;802.00;0.00;0
88;nuclear_reactor_spawn;605.12;10.00;804.00;0.00;0
89;air_base;735.12;12.00;800.00;0.00;0
89;rocket_site_spawn;737.12;10.00;802.00;0.00;0
89;nuclear_reactor_spawn;733.12;10.00;804.00;0.00;0
90;air_base;831.12;12.00;800.00;0.00;0
90;rocket_site_spawn;833.12;10.00;802.00;0.00;0
90;nuclear_reactor_spawn;829.12;10.00;804.00;0.00;0
91;air_base;1407.12;12.00;800.00;0.00;0
91;rocket_site_spawn;1409.12;10.00;802.00;0.00;0
91;nuclear_reactor_spawn;1405.12;10.00;804.00;0.00;0
92;air_base;1535.12;12.00;800.00;0.00;0
92;rocket_site_spawn;1537.12;10.00;802.00;0.00;0
92;nuclear_reactor_spawn;1533.12;10.00;804.00;0.00;0
93;air_base;1663.12;12.00;800.00;0.00;0
93;rocket_site_spawn;1665.12;10.00;802.00;0.00;0
93;nuclear_reactor_spawn;1661.12;10.00;804.00;0.00;0
94;air_base;1743.12;12.00;800.00;0.00;0
94;rocket_site_spawn;1745.12;10.00;802.00;0.00;0
94;nuclear_reactor_spawn;1741.12;10.00;804.00;0.00;0
95;air_base;431.12;12.00;672.00;0.00;0
95;rocket_site_spawn;433.12;10.00;674.00;0.00;0
95;nuclear_reactor_spawn;429.12;10.00;676.00;0.00;0
96;air_base;527.12;12.00;672.00;0.00;0
96;rocket_site_spawn;529.12;10.00;674.00;0.00;0
96;nuclear_reactor_spawn;525.12;10.00;676.00;0.00;0
97;air_base;623.12;12.00;672.00;0.00;0
97;rocket_site_spawn;625.12;10.00;674.00;0.00;0
97;nuclear_reactor_spawn;621.12;10.00;676.00;0.00;0
98;air_base;367.12;12.00;624.00;0.00;0
98;rocket_site_spawn;369.12;10.00;626.00;0.00;0
98;nuclear_reactor_spawn;365.12;10.00;628.00;0.00;0
99;air_base;1551.12;12.00;672.00;0.00;0
99;rocket_site_spawn;1553.12;10.00;674.00;0.00;0
99;nuclear_reactor_spawn;1549.12;10.00;676.00;0.00;0
100;air_base;1647.12;12.00;672.00;0.00;0
100;rocket_site_spawn;1649.12;10.00;674.00;0.00;0
100;nuclear_reactor_spawn;1645.12;10.00;676.00;0.00;0
101;air_base;1727.12;12.00;672.00;0.00;0
101;rocket_site_spawn;1729.12;10.00;674.00;0.00;0
101;nuclear_reactor_spawn;1725.12;10.00;676.00;0.00;0
102;air_base;1487.12;12.00;624.00;0.00;0
102;rocket_site_spawn;1489.12;10.00;626.00;0.00;0
102;nuclear_reactor_spawn;1485.12;10.00;628.00;0.00;0
103;air_base;431.12;12.00;208.00;0.00;0
103;rocket_site_spawn;433.12;10.00;210.00;0.00;0
103;nuclear_reactor_spawn;429.12;10.00;212.00;0.00;0
104;air_base;527.12;12.00;208.00;0.00;0
104;rocket_site_spawn;529.12;10.00;210.00;0.00;0
104;nuclear_reactor_spawn;525.12;10.00;212.00;0.00;0
105;air_base;623.12;12.00;208.00;0.00;0
105;rocket_site_spawn;625.12;10.00;210.00;0.00;0
105;nuclear_reactor_spawn;621.12;10.00;212.00;0.00;0
106;air_base;367.12;12.00;176.00;0.00;0
106;rocket_site_spawn;369.12;10.00;178.00;0.00;0
106;nuclear_reactor_spawn;365.12;10.00;180.00;0.00;0
107;air_base;959.12;12.00;448.00;0.00;0
107;rocket_site_spawn;961.12;10.00;450.00;0.00;0
107;nuclear_reactor_spawn;957.12;10.00;452.00;0.00;0
108;air_base;1007.12;12.00;448.00;0.00;0
108;rocket_site_spawn;1009.12;10.00;450.00;0.00;0
108;nuclear_reactor_spawn;1005.12;10.00;452.00;0.00;0
109;air_base;1308.84;12.00;678.86;0.00;0
109;rocket_site_spawn;1310.84;10.00;680.86;0.00;0
109;nuclear_reactor_spawn;1306.84;10.00;682.86;0.00;0
110;air_base;1375.12;12.00;672.00;0.00;0
110;rocket_site_spawn;1377.12;10.00;674.00;0.00;0
110;nuclear_reactor_spawn;1373.12;10.00;676.00;0.00;0
111;air_base;1263.12;12.00;624.00;0.00;0
111;rocket_site_spawn;1265.12;10.00;626.00;0.00;0
111;nuclear_reactor_spawn;1261.12;10.00;628.00;0.00;0
112;air_base;1327.12;12.00;624.00;0.00;0
112;rocket_site_spawn;1329.12;10.00;626.00;0.00;0
112;nuclear_reactor_spawn;1325.12;10.00;628.00;0.00;0
113;air_base;1119.12;12.00;448.00;0.00;0
113;rocket_site_spawn;1121.12;10.00;450.00;0.00;0
113;nuclear_reactor_spawn;1117.12;10.00;452.00;0.00;0
114;air_base;1183.12;12.00;448.00;0.00;0
114;rocket_site_spawn;1185.12;10.00;450.00;0.00;0
114;nuclear_reactor_spawn;1181.12;10.00;452.00;0.00;0
115;air_base;1308.84;12.00;454.86;0.00;0
115;rocket_site_spawn;1310.84;10.00;456.86;0.00;0
115;nuclear_reactor_spawn;1306.84;10.00;458.86;0.00;0
116;air_base;1375.12;12.00;448.00;0.00;0
116;rocket_site_spawn;1377.12;10.00;450.00;0.00;0
116;nuclear_reactor_spawn;1373.12;10.00;452.00;0.00;0
117;air_base;1263.12;12.00;400.00;0.00;0
117;rocket_site_spawn;1265.12;10.00;402.00;0.00;0
117;nuclear_reactor_spawn;1261.12;10.00;404.00;0.00;0
118;air_base;1327.12;12.00;400.00;0.00;0
118;rocket_site_spawn;1329.12;10.00;402.00;0.00;0
118;nuclear_reactor_spawn;1325.12;10.00;404.00;0.00;0
119;air_base;767.12;12.00;272.00;0.00;0
119;rocket_site_spawn;769.12;10.00;274.00;0.00;0
119;nuclear_reactor_spawn;765.12;10.00;276.00;0.00;0
120;air_base;831.12;12.00;272.00;0.00;0
120;rocket_site_spawn;833.12;10.00;274.00;0.00;0
120;nuclear_reactor_spawn;829.12;10.00;276.00;0.00;0
121;air_base;895.12;12.00;272.00;0.00;0
121;rocket_site_spawn;897.12;10.00;274.00;0.00;0
121;nuclear_reactor_spawn;893.12;10.00;276.00;0.00;0
122;air_base;959.12;12.00;272.00;0.00;0
122;rocket_site_spawn;961.12;10.00;274.00;0.00;0
122;nuclear_reactor_spawn;957.12;10.00;276.00;0.00;0
123;air_base;1018.76;12.00;289.45;0.00;0
123;rocket_site_spawn;1020.76;10.00;291.45;0.00;0
123;nuclear_reactor_spawn;1016.76;10.00;293.45;0.00;0
124;air_base;1087.12;12.00;320.00;0.00;0
124;rocket_site_spawn;1089.12;10.00;322.00;0.00;0
124;nuclear_reactor_spawn;1085.12;10.00;324.00;0.00;0
125;air_base;1151.12;12.00;320.00;0.00;0
125;rocket_site_spawn;1153.12;10.00;322.00;0.00;0
125;nuclear_reactor_spawn;1149.12;10.00;324.00;0.00;0
126;air_base;1199.12;12.00;320.00;0.00;0
126;rocket_site_spawn;1201.12;10.00;322.00;0.00;0
126;nuclear_reactor_spawn;1197.12;10.00;324.00;0.00;0
127;air_base;719.12;12.00;176.00;0.00;0
127;rocket_site_spawn;721.12;10.00;178.00;0.00;0
127;nuclear_reactor_spawn;717.12;10.00;180.00;0.00;0