2 9 560 483 474 472 470 468 466 465 457

3 11 560 576 577 578 579 580 596 597 598 1177 1178

2 11 560 483 481 479 477 475 476 485 363 364 365

2 7 560 559 558 563 568 573 1020

2 12 846 555 550 549 548 535 534 533 520 519 518 505

2 5 846 1088 1090 1092 1094

2 11 846 847 848 849 866 867 868 966 969 972 975

2 11 105 301 300 299 283 282 281 697 694 691 688

3 10 105 721 718 715 712 178 176 174 172 170

2 14 105 301 300 299 283 282 281 280 279 263 262 261 260 259

2 20 505 504 503 829 828 827 826 809 808 807 806 789 788 787 786 769 768 767 766 750

3 9 505 16 2 4 6 8 10 12 14

2 6 688 1155 1153 1151 1149 1147

3 12 688 689 690 700 701 702 712 178 176 174 172 170

2 12 688 691 694 697 281 280 279 263 262 261 260 259

3 20 688 1302 1301 1294 1293 1286 1285 1274 1273 1258 1257 1242 1241 1226 1225 1210 1209 1194 1193 1178

2 8 617 686 682 681 674 673 687 666

2 2 617 1147

3 8 617 618 619 629 630 631 641 170

2 5 617 614 611 608 1094

2 11 617 614 611 608 609 610 620 621 622 632 975

2 2 666 1112

3 7 666 76 44 43 29 28 14

2 8 1147 1142 1129 1128 1127 1114 1113 1112

3 7 1147 1148 1156 1157 1165 1166 170

3 18 1112 1079 1078 1069 1068 1059 1058 423 410 409 408 395 394 397 400 403 406 1178

2 6 1112 1079 1078 1069 1068 1059

2 3 457 321 322

2 9 457 465 466 475 476 485 363 364 365

2 5 925 313 316 319 322

2 6 925 922 919 916 749 750

2 14 925 922 932 933 934 944 945 946 956 957 958 964 432 433

3 6 170 641 638 635 632 975

3 17 259 1280 1278 1276 1274 1273 1258 1257 1242 1241 1226 1225 1210 1209 1194 1193 1178

2 14 322 319 329 330 331 341 342 343 353 354 355 361 81 82

2 9 322 332 333 334 344 345 346 356 365

3 16 1094 73 69 68 61 60 53 52 38 37 23 22 8 10 12 14

2 7 1094 1110 1101 1111 1108 1109 975

3 11 1178 406 403 400 397 394 393 380 379 378 365

3 17 1178 1177 598 597 596 580 579 578 577 576 560 559 558 563 568 573 1020

3 13 1178 406 403 400 397 394 395 408 409 410 423 1058 1059

2 8 82 81 83 362 358 357 356 365

3 8 82 88 89 96 97 102 13 14

2 5 82 80 78 455 433

2 15 750 766 767 768 769 786 787 788 789 806 807 428 429 431 433

2 13 365 378 379 380 393 394 395 408 409 410 423 1058 1059

3 12 14 12 10 8 6 5 453 448 447 440 439 433

3 3 14 74 1059
