1;1107.00;10.00;745.00;small
2;873.00;10.00;655.00;small
3;1467.00;10.00;439.00;small
4;1611.00;10.00;655.00;small
5;1305.00;10.00;313.00;small
6;639.00;10.00;655.00;small
7;729.00;10.00;547.00;small
8;873.00;10.00;745.00;small
9;495.00;10.00;403.00;small
10;1197.00;10.00;817.00;small
11;675.00;10.00;439.00;small
12;1449.00;10.00;655.00;small
13;1233.00;10.00;655.00;small
14;1269.00;10.00;367.00;small
15;873.00;10.00;763.00;small
16;1341.00;10.00;763.00;small
17;675.00;10.00;727.00;small
18;1503.00;10.00;673.00;small
19;873.00;10.00;349.00;small
20;945.00;10.00;529.00;small
21;1377.00;10.00;745.00;small
22;1089.00;10.00;529.00;small
23;1305.00;10.00;547.00;small
24;1035.00;10.00;331.00;small
25;255.17;10.00;768.75;small
26;739.10;10.00;883.08;small
27;1290.81;10.00;912.39;small
28;1817.35;10.00;790.59;small
29;170.00;10.00;256.50;small
30;490.44;10.00;200.56;small
31;852.77;10.00;139.76;small
32;1198.10;10.00;149.81;small
33;1542.78;10.00;221.89;small
34;1876.50;10.00;256.50;small
